石鼓路小区	 -- 32.047364,118.777836|32.047548,118.775105|32.046018,118.774737|32.044082,118.77657|32.044572,118.777082|32.046071,118.777621|
环宇轩小区	 -- 32.044617,118.778047|32.044774,118.777239|32.04435,118.777068|32.043979,118.7767|32.043527,118.777104|32.04311,118.777531|32.042708,118.777939|32.043232,118.778663|32.043477,118.778097|32.043929,118.777679|
中兴新村	 -- 32.042012,118.779696|32.041947,118.779521|32.041978,118.77939|32.041855,118.77913|32.041936,118.778977|32.04184,118.778847|32.041978,118.77846|32.042215,118.778178|32.04176,118.777585|32.042727,118.776448|32.042333,118.776098|32.041943,118.776111|32.041507,118.777252|32.041672,118.777526|32.041469,118.777508|32.041224,118.778501|32.040734,118.779341|32.04091,118.779556|32.040914,118.779732|32.041388,118.780226|
俞家巷小区	 -- 32.045842,118.786828|32.043982,118.785544|32.042865,118.784969|32.042666,118.785499|32.043034,118.78584|32.042835,118.786622|32.043301,118.78699|32.044135,118.787448|32.044419,118.786972|32.04552,118.787691|
曹都巷小区	 -- 32.039636,118.789649|32.04044,118.789864|32.040753,118.78955|32.041082,118.788867|32.041327,118.788032|32.040218,118.787493|32.040363,118.786604|32.039605,118.786262|32.037792,118.78496|32.03757,118.785409|32.038626,118.786128|32.03819,118.787565|32.03907,118.787861|32.039812,118.788337|
桃园人家	 -- 32.031058,118.781914|32.032894,118.779291|32.030063,118.777692|32.027491,118.777046|32.027277,118.778321|32.029558,118.779363|32.029328,118.780244|32.030078,118.780837|32.029956,118.781483|
皇册家园	 -- 32.030537,118.782597|32.029114,118.783891|32.027185,118.784663|32.025211,118.784987|32.024813,118.783352|32.024828,118.781286|32.026818,118.781411|32.028961,118.781932|
来凤小区	 -- 32.024798,118.781196|32.028869,118.781825|32.029068,118.780962|32.028624,118.780549|32.028578,118.780064|32.028303,118.779938|32.02841,118.778986|32.027338,118.778357|32.02743,118.777082|32.027614,118.775285|32.025349,118.774836|
金鼎湾国际	 -- 32.037662,118.782992|32.037279,118.782687|32.03682,118.783118|32.036185,118.782516|32.035909,118.782885|32.036101,118.783253|32.035909,118.7839|32.03633,118.784169|32.035848,118.785068|32.034448,118.784367|32.033943,118.786065|32.035489,118.786433|32.036445,118.786783|32.037157,118.784924|
游府新都	 -- 32.045015,118.795461|32.042024,118.794661|32.041794,118.796135|32.043125,118.796395|32.042896,118.79785|32.043638,118.798066|32.043829,118.79732|32.044572,118.797473|
益乐小区	 -- 32.040371,118.794464|32.040019,118.796611|32.039368,118.796395|32.03933,118.794742|32.038305,118.79441|32.03734,118.793781|32.037417,118.793134|32.03845,118.793332|32.03845,118.793781|32.039131,118.793961|32.039613,118.794338|
王府园小区	 -- 32.034555,118.793323|32.034387,118.794383|32.033009,118.794131|32.032795,118.793997|32.031655,118.793691|32.031777,118.792658|
王府东苑	 -- 32.031433,118.793673|32.030453,118.793431|32.030446,118.793862|32.030484,118.794338|32.030591,118.79459|32.030568,118.794904|32.030568,118.795263|32.03056,118.795551|32.031104,118.795659|
致和新村	 -- 32.033369,118.7983|32.032887,118.797886|32.032672,118.798012|32.032451,118.79785|32.0319,118.798524|32.03131,118.799333|32.031073,118.799719|32.031211,118.800464|32.03193,118.800303|32.032665,118.80042|32.033109,118.799503|
御道街小区	 -- 32.045934,118.817146|32.042077,118.816984|32.041909,118.819194|32.039399,118.819482|32.038572,118.823255|32.042582,118.823793|32.043164,118.823093|32.045413,118.823255|
瑞金新村	 -- 32.038634,118.809295|32.036965,118.808971|32.035894,118.813104|32.035022,118.813247|32.035037,118.816499|32.035603,118.817038|32.033323,118.817433|32.032925,118.817308|32.03317,118.818476|32.032175,118.819751|32.032144,118.821709|32.032665,118.822554|32.037715,118.823219|
梅花山庄	 -- 32.045383,118.846323|32.045689,118.843484|32.045566,118.839927|32.044832,118.836873|32.03868,118.835436|32.037761,118.837268|32.03516,118.837771|32.034792,118.835004|32.028303,118.83213|32.025976,118.831914|32.025425,118.836585|32.029374,118.837663|32.029588,118.841616|32.030752,118.843017|32.036063,118.84494|32.036093,118.846305|32.039001,118.845335|
澳丽家园	 -- 32.034899,118.817128|32.028685,118.816086|32.028073,118.820973|32.028532,118.826902|32.028869,118.828267|32.032083,118.828662|32.033155,118.827512|32.034563,118.822805|
鑫园		 -- 32.025969,118.822239|32.020718,118.821287|32.019892,118.823066|32.019769,118.825186|32.020106,118.826264|32.021545,118.826479|32.023366,118.826587|32.025662,118.826641|
富丽山庄	 -- 32.033866,118.84405|32.034677,118.841176|32.03353,118.840691|32.03379,118.837726|32.031234,118.837654|32.030744,118.839271|32.030606,118.840727|32.030606,118.842865|